***#*#*#*#*#*# NB: dont know how to do these resets( u's)
U 23311 8 23300 23420 23351 23352 23353 23354 23356 23357 23358 23359 23360 23361 23362 23369 23370 23371 23372 23373 23374
23375 23376 23377 23378 23379 23380 AE 400 1 0
Smelling the scent of blood, a gigantic shark swims towards you with savage hunger!
U 23313 5 23300 23441 0 0 D 1000 5 0
U 23314 5 23300 23441 0 0 D 1000 5 0
U 23315 5 23300 23441 0 0 D 1000 5 0
U 23316 5 23300 23441 0 0 D 1000 5 0
U 23319 6 23300 23441 0 0 D 1000 6 0
U 23320 5 23300 23441 0 0 D 1000 5 0
U 23327 5 23300 23441 0 0 D 1000 5 0
U 23328 6 23300 23441 0 0 D 1000 6 0
U 23329 5 23300 23441 0 0 D 1000 5 0
U 23331 5 23300 23441 0 0 D 1000 5 0
U 23332 6 23300 23441 0 0 D 1000 6 0
U 23333 5 23300 23441 0 0 D 1000 5 0
U 23334 5 23300 23441 0 0 D 1000 5 0
U 23336 5 23300 23441 0 0 D 1000 5 0
U 23337 4 23300 23441 0 0 D 1000 4 0
U 23329 3 23300 23441 0 0 D 1000 3 0
O 0 23313 0 23353
O 0 23314 0 23354
O 0 23315 0 23324
O 0 23316 0 23353
O 0 23317 0 23448
O 0 23318 0 23440
O 0 23319 0 23356
O 0 23322 0 23376
O 0 23323 0 23355
O 0 23324 0 23353
O 0 23325 0 23353
O 0 23326 0 23360
O 0 23327 0 23302
O 0 23327 0 23315
O 0 23327 0 23308
O 0 23327 0 23318
O 0 23327 0 23320
O 0 23327 0 23324
O 0 23327 0 23330
O 0 23327 0 23335
O 0 23327 0 23337
O 0 23327 0 23343
O 0 23327 0 23354
O 0 23327 0 23363
O 0 23327 0 23368
O 0 23327 0 23375
O 0 23327 0 23383
O 0 23327 0 23386
O 0 23327 0 23390
O 0 23327 0 23388
O 0 23327 0 23403
O 0 23327 0 23412
O 0 23327 0 23419
O 0 23327 0 23420
O 0 23327 0 23441
O 0 23328 0 23303
O 0 23328 0 23308
O 0 23328 0 23315
O 0 23328 0 23318
O 0 23328 0 23323
O 0 23328 0 23329
O 0 23328 0 23333
O 0 23328 0 23339
O 0 23328 0 23341
O 0 23328 0 23348
O 0 23328 0 23355
O 0 23328 0 23364
O 0 23328 0 23373
O 0 23328 0 23379
O 0 23328 0 23388
O 0 23328 0 23395
O 0 23328 0 23405
O 0 23328 0 23414
O 0 23328 0 23421
O 0 23329 0 23323
O 0 23329 0 23328
O 0 23329 0 23335
O 0 23330 0 23398
O 0 23331 0 23375
O 0 23332 0 23341
O 0 23333 0 23449
O 0 23334 0 23384
O 0 23334 0 23401
O 0 23334 0 23347
O 0 23335 0 23394
O 0 23336 0 23311
O 0 23336 0 23315
O 0 23337 0 23311
O 0 23338 0 23380
P 0 23339 0 23338
P 0 23340 0 23338
P 0 23341 0 23338
P 0 23345 0 23338
O 0 23342 0 23416
O 0 23343 0 23416
O 0 23344 0 23416
O 0 23346 0 23434
O 0 23347 0 23407
O 0 23348 0 23319
O 0 23349 0 23392
O 0 23350 0 23436
O 0 23353 0 23317
O 0 23354 0 23471
O 0 23355 0 23341
D 0 23345 0 2
D 0 23357 2 2
D 0 23345 2 1
D 0 23351 0 1
D 0 23349 2 1
D 0 23369 0 1
D 0 23373 3 1
D 0 23376 1 1
D 0 23350 3 1
D 0 23377 1 1
D 0 23324 1 1
D 0 23420 3 1
D 0 23423 1 1
D 0 23437 3 1
D 0 23439 1 1
D 0 23440 3 1
D 0 23326 3 1
D 0 23442 1 1
